0.538444 -0.642902 -0.028
0.125 0.125 0
0.448203 -0.680546 -0.028
0.125 0.225 0
0.353541 -0.719714 -0.028
0.125 0.325 0
0.262106 -0.758083 -0.028
0.125 0.425 0
0.17111 -0.795955 -0.028
0.125 0.525 0
0.0767308 -0.835316 -0.028
0.125 0.625 0
0.0391785 -0.742495 -0.028
0.225 0.625 0
0.134239 -0.705496 -0.028
0.225 0.525 0
0.224853 -0.665311 -0.028
0.225 0.425 0
0.312932 -0.628149 -0.028
0.225 0.325 0
0.404816 -0.589777 -0.028
0.225 0.225 0
0.497303 -0.551189 -0.028
0.225 0.125 0
0.4582 -0.459524 -0.028
0.325 0.125 0
0.369036 -0.496819 -0.028
0.325 0.225 0
0.274711 -0.536708 -0.028
0.325 0.325 0
0.18257 -0.574409 -0.028
0.325 0.425 0
0.0890102 -0.613561 -0.028
0.325 0.525 0
-0.00339874 -0.650368 -0.028
0.325 0.625 0
-0.0402607 -0.558275 -0.028
0.425 0.625 0
0.0510418 -0.520198 -0.028
0.425 0.525 0
0.141884 -0.480796 -0.028
0.425 0.425 0
0.235467 -0.444449 -0.028
0.425 0.325 0
0.328599 -0.404673 -0.028
0.425 0.225 0
0.422732 -0.365738 -0.028
0.425 0.125 0
0.387122 -0.272213 -0.028
0.525 0.125 0
0.294094 -0.310767 -0.028
0.525 0.225 0
0.198551 -0.350838 -0.028
0.525 0.325 0
0.109452 -0.388339 -0.028
0.525 0.425 0
0.0128389 -0.428208 -0.028
0.525 0.525 0
-0.0807427 -0.466068 -0.028
0.525 0.625 0
-0.117164 -0.374037 -0.028
0.625 0.625 0
-0.0230243 -0.335903 -0.028
0.625 0.525 0
0.0712174 -0.295697 -0.028
0.625 0.425 0
0.15847 -0.257238 -0.028
0.625 0.325 0
0.253765 -0.21922 -0.028
0.625 0.225 0
0.345621 -0.179512 -0.028
0.625 0.125 0
0.309509 -0.0880391 -0.028
0.725 0.125 0
-0.151086 -0.277857 -0.028
0.725 0.625 0